Video TotalLoss AvgLoss
5 3.914320 0.782864
10 1.877947 0.375589
15 2.218505 0.443701
20 1.932161 0.386432
25 1.975356 0.395071
30 1.614294 0.322859
35 1.844791 0.368958
40 1.353272 0.270654
45 1.725505 0.345101
50 2.345570 0.469114
55 1.111744 0.222349
60 2.116004 0.423201
65 1.949454 0.389891
70 1.115906 0.223181
75 1.893413 0.378683
80 1.735820 0.347164
85 1.978201 0.395640
90 1.890792 0.378158
95 1.165832 0.233166
100 2.222972 0.444594
105 1.394113 0.278823
110 1.190152 0.238030
115 1.613217 0.322643
120 1.969480 0.393896
125 1.791313 0.358263
130 2.346714 0.469343
135 2.068038 0.413608
140 1.553949 0.310790
145 1.835578 0.367116
150 1.750465 0.350093
155 1.886193 0.377239
160 1.816309 0.363262
165 1.727846 0.345569
170 1.945481 0.389096
175 1.651471 0.330294
180 2.007021 0.401404
185 1.130669 0.226134
190 2.261690 0.452338
195 1.446756 0.289351
200 1.458155 0.291631
205 1.922329 0.384466
210 1.163010 0.232602
215 1.556125 0.311225
220 2.097306 0.419461
225 1.552638 0.310528
230 1.379069 0.275814
235 2.171640 0.434328
240 1.547231 0.309446
245 1.731522 0.346304
250 1.990374 0.398075
255 1.768651 0.353730
260 1.103892 0.220778
265 1.685051 0.337010
270 1.292490 0.258498
275 1.625680 0.325136
280 1.250651 0.250130
285 1.608895 0.321779
290 1.551617 0.310323
295 1.103509 0.220702
300 1.002952 0.200590
305 0.915526 0.183105
310 1.119439 0.223888
315 1.692638 0.338528
320 1.522110 0.304422
325 1.443232 0.288646
330 1.466948 0.293390
335 1.593407 0.318681
340 1.275641 0.255128
345 1.434078 0.286816
350 1.094216 0.218843
355 1.278091 0.255618
360 1.247765 0.249553
365 1.704870 0.340974
370 0.921395 0.184279
375 1.494219 0.298844
380 1.303350 0.260670
385 1.633025 0.326605
390 1.678151 0.335630
395 0.938409 0.187682
400 1.564929 0.312986
405 0.977715 0.195543
410 1.407196 0.281439
415 0.694471 0.138894
420 1.646194 0.329239
425 1.515770 0.303154
430 1.641678 0.328336
435 0.853710 0.170742
440 1.340843 0.268169
445 1.295336 0.259067
450 1.172896 0.234579
455 1.482699 0.296540
460 0.922824 0.184565
465 1.448421 0.289684
470 1.292459 0.258492
475 0.663951 0.132790
480 1.432804 0.286561
485 1.604179 0.320836
490 1.145501 0.229100
495 1.065938 0.213188
500 1.161457 0.232291
505 1.459754 0.291951
510 1.185722 0.237144
515 0.948814 0.189763
520 1.456499 0.291300
525 1.462441 0.292488
530 0.956906 0.191381
535 1.081460 0.216292
540 1.129499 0.225900
545 0.978719 0.195744
550 1.643991 0.328798
555 1.007546 0.201509
560 0.999317 0.199863
565 1.404919 0.280984
570 0.552493 0.110499
575 1.370153 0.274031
580 1.843018 0.368604
585 1.532572 0.306514
590 1.091279 0.218256
595 1.931862 0.386372
600 1.342684 0.268537
605 1.505665 0.301133
610 1.122902 0.224580
615 1.237213 0.247443
620 1.073460 0.214692
625 1.387748 0.277550
630 1.290505 0.258101
635 1.035808 0.207162
640 1.314334 0.262867
645 1.674594 0.334919
650 1.226603 0.245321
655 1.460845 0.292169
660 1.654137 0.330827
665 1.211562 0.242312
670 1.440237 0.288047
675 1.578871 0.315774
680 1.005808 0.201162
685 1.495812 0.299162
690 1.279697 0.255939
695 0.872169 0.174434
700 1.549565 0.309913
705 1.437675 0.287535
710 1.268206 0.253641
715 1.249596 0.249919
720 1.228662 0.245732
725 1.170542 0.234108
730 1.151961 0.230392
735 1.720657 0.344131
740 1.630398 0.326080
745 0.940464 0.188093
750 1.112432 0.222486
755 0.955629 0.191126
760 0.608790 0.121758
765 0.910225 0.182045
770 1.215589 0.243118
775 1.575616 0.315123
780 0.954412 0.190882
785 1.085729 0.217146
790 1.147188 0.229438
795 1.828081 0.365616
800 0.921983 0.184397
805 1.445760 0.289152
810 1.808997 0.361799
815 1.118185 0.223637
820 1.901663 0.380333
825 1.699859 0.339972
830 1.292345 0.258469
835 1.692933 0.338587
840 1.397808 0.279562
845 0.959569 0.191914
850 1.364466 0.272893
855 0.860521 0.172104
860 0.894698 0.178940
865 1.155135 0.231027
870 0.997143 0.199429
875 1.059264 0.211853
880 1.291235 0.258247
885 1.552241 0.310448
890 1.123300 0.224660
895 1.121867 0.224373
900 1.315019 0.263004
905 1.737850 0.347570
910 1.077189 0.215438
915 1.219407 0.243881
920 1.789477 0.357895
925 1.166139 0.233228
930 1.164137 0.232827
935 1.164850 0.232970
940 0.837835 0.167567
945 1.168498 0.233700
950 0.802393 0.160479
955 0.963474 0.192695
960 0.937358 0.187472
965 0.849668 0.169934
970 0.721555 0.144311
975 0.871598 0.174320
980 1.484951 0.296990
985 0.833966 0.166793
990 1.025052 0.205010
995 1.119336 0.223867
1000 1.185805 0.237161
1005 1.262525 0.252505
1010 1.100533 0.220107
1015 1.267878 0.253576
1020 1.784474 0.356895
1025 1.237903 0.247581
1030 1.054732 0.210946
1035 1.628779 0.325756
1040 0.978512 0.195702
1045 1.057595 0.211519
1050 0.733927 0.146785
1055 1.912149 0.382430
1060 1.480083 0.296017
1065 0.990585 0.198117
1070 1.018531 0.203706
1075 0.639111 0.127822
1080 0.726853 0.145371
1085 1.083059 0.216612
1090 0.892974 0.178595
1095 0.714324 0.142865
1100 1.222222 0.244444
1105 1.533379 0.306676
1110 1.195335 0.239067
1115 1.019495 0.203899
1120 1.353836 0.270767
1125 1.111477 0.222295
1130 1.526518 0.305304
1135 1.617611 0.323522
1140 1.217537 0.243507
1145 1.052766 0.210553
1150 1.675853 0.335171
1155 1.166672 0.233334
1160 1.895903 0.379181
1165 1.018314 0.203663
1170 1.195026 0.239005
1175 1.226490 0.245298
1180 1.348482 0.269696
1185 0.909896 0.181979
1190 1.031569 0.206314
1195 1.144007 0.228801
1200 1.058543 0.211709
1205 0.826418 0.165284
1210 0.781644 0.156329
1215 0.955633 0.191127
1220 1.016844 0.203369
1225 1.078034 0.215607
1230 1.168599 0.233720
1235 1.006150 0.201230
1240 1.282018 0.256404
1245 1.521953 0.304391
1250 1.564139 0.312828
1255 1.414169 0.282834
1260 0.877648 0.175530
1265 1.605832 0.321166
1270 1.001113 0.200223
1275 1.188106 0.237621
1280 1.175566 0.235113
1285 0.923598 0.184720
1290 0.876518 0.175304
1295 0.874758 0.174952
1300 1.641480 0.328296
1305 0.889475 0.177895
1310 1.031297 0.206259
1315 1.063528 0.212706
1320 0.978129 0.195626
1325 1.061470 0.212294
1330 1.510888 0.302178
1335 1.179986 0.235997
1340 1.334003 0.266801
1345 1.310428 0.262086
1350 1.113627 0.222725
1355 1.445541 0.289108
1360 1.134370 0.226874
1365 0.740243 0.148049
1370 1.209912 0.241982
1375 0.748601 0.149720
1380 1.488620 0.297724
1385 1.036973 0.207395
1390 1.608272 0.321654
1395 1.339564 0.267913
1400 1.242815 0.248563
1405 0.899829 0.179966
1410 0.874669 0.174934
1415 1.098184 0.219637
1420 1.041292 0.208258
1425 1.149103 0.229821
1430 0.789230 0.157846
1435 1.229448 0.245890
1440 1.183060 0.236612
1445 1.474792 0.294958
1450 0.802955 0.160591
1455 0.981601 0.196320
1460 1.231369 0.246274
1465 1.160749 0.232150
1470 0.765576 0.153115
1475 1.566179 0.313236
1480 1.023499 0.204700
1485 1.071086 0.214217
1490 1.717831 0.343566
1495 1.144101 0.228820
1500 1.047058 0.209412
1505 1.134003 0.226801
1510 1.114567 0.222913
1515 1.006313 0.201263
1520 0.785361 0.157072
1525 1.061573 0.212315
1530 1.271271 0.254254
1535 1.030170 0.206034
1540 1.019590 0.203918
1545 0.998554 0.199711
1550 1.097546 0.219509
1555 0.659199 0.131840
1560 1.247470 0.249494
1565 1.067604 0.213521
1570 1.031603 0.206321
1575 1.032908 0.206582
1580 0.950331 0.190066
1585 0.943899 0.188780
1590 1.130801 0.226160
1595 1.238314 0.247663
1600 1.077465 0.215493
1605 0.923889 0.184778
1610 1.057719 0.211544
1615 0.979095 0.195819
1620 1.754126 0.350825
1625 1.564015 0.312803
1630 0.882592 0.176518
1635 1.354713 0.270943
1640 0.916343 0.183269
1645 0.881244 0.176249
1650 1.207878 0.241576
1655 0.584107 0.116821
1660 1.312023 0.262405
1665 0.958854 0.191771
1670 0.810918 0.162184
1675 1.729978 0.345996
1680 1.015442 0.203088
1685 1.095000 0.219000
1690 0.975759 0.195152
1695 0.856688 0.171338
1700 1.274602 0.254920
1705 0.951879 0.190376
1710 0.740125 0.148025
1715 1.738498 0.347700
1720 1.236353 0.247271
1725 1.281793 0.256359
1730 0.829952 0.165990
1735 1.043913 0.208783
1740 1.275543 0.255109
1745 1.662388 0.332478
1750 1.479981 0.295996
1755 1.126995 0.225399
1760 0.945946 0.189189
1765 1.357321 0.271464
1770 1.220151 0.244030
1775 0.872154 0.174431
1780 0.957253 0.191451
1785 1.153578 0.230716
1790 1.264164 0.252833
1795 0.802661 0.160532
1800 1.136401 0.227280
1805 0.883488 0.176698
1810 1.046792 0.209358
1815 1.623118 0.324624
1820 0.981494 0.196299
1825 1.185684 0.237137
1830 1.178122 0.235624
1835 1.149099 0.229820
1840 1.100476 0.220095
1845 0.837343 0.167469
1850 1.399395 0.279879
1855 1.045360 0.209072
1860 1.113733 0.222747
1865 1.323865 0.264773
1870 0.936000 0.187200
1875 1.782184 0.356437
1880 1.137217 0.227443
1885 0.896611 0.179322
1890 0.652194 0.130439
1895 1.191851 0.238370
1900 0.766034 0.153207
1905 0.979869 0.195974
1910 1.287838 0.257568
1915 1.209722 0.241944
1920 0.951730 0.190346
1925 0.974343 0.194869
1930 1.190345 0.238069
1935 0.697546 0.139509
1940 0.719894 0.143979
1945 0.849222 0.169844
1950 0.859548 0.171910
1955 1.494047 0.298809
1960 0.878407 0.175681
1965 1.142800 0.228560
1970 1.158708 0.231742
1975 1.525479 0.305096
1980 0.658535 0.131707
1985 1.151504 0.230301
1990 1.315453 0.263091
1995 1.231788 0.246358
2000 0.987693 0.197539
2000 1.035215 0.207043
2005 1.728314 0.345663
2010 1.014274 0.202855
2015 1.110106 0.222021
2020 1.238985 0.247797
2025 0.888337 0.177667
2030 1.264031 0.252806
2035 1.268778 0.253756
2040 1.043590 0.208718
2045 1.127109 0.225422
2050 0.987096 0.197419
2055 0.940751 0.188150
2060 0.869109 0.173822
2065 1.102481 0.220496
2070 1.281818 0.256364
2075 1.447655 0.289531
2080 0.989094 0.197819
2085 0.904100 0.180820
2090 1.763860 0.352772
2095 1.786265 0.357253
2100 1.049338 0.209868
2105 0.861578 0.172316
2110 0.988302 0.197660
2115 1.219664 0.243933
2120 0.936376 0.187275
2125 1.237885 0.247577
2130 1.066860 0.213372
2135 1.068652 0.213730
2140 1.518936 0.303787
2145 1.481015 0.296203
2150 1.346780 0.269356
2155 0.874926 0.174985
2160 1.251811 0.250362
2165 1.149436 0.229887
2170 0.905991 0.181198
2175 0.953120 0.190624
2180 1.237751 0.247550
2185 1.683621 0.336724
2190 0.865914 0.173183
2195 0.983161 0.196632
2200 0.839909 0.167982
2205 0.952530 0.190506
2210 0.836523 0.167305
2215 1.288229 0.257646
2220 1.341250 0.268250
2225 0.705128 0.141026
2230 0.974235 0.194847
2235 1.474091 0.294818
2240 0.648430 0.129686
2245 1.241206 0.248241
2250 0.936769 0.187354
2255 1.078738 0.215748
2260 1.452438 0.290488
2265 1.251437 0.250287
2270 0.908065 0.181613
2275 1.223549 0.244710
2280 0.727243 0.145449
2285 0.864415 0.172883
2290 1.742279 0.348456
2295 0.867691 0.173538
2300 0.949721 0.189944
2305 0.698681 0.139736
2310 1.293563 0.258713
2315 1.049536 0.209907
2320 1.303158 0.260632
2325 1.096956 0.219391
2330 0.963265 0.192653
2335 1.039558 0.207912
2340 0.911707 0.182341
2345 1.449617 0.289923
2350 1.158381 0.231676
2355 0.909025 0.181805
2360 0.842877 0.168575
2365 0.747684 0.149537
2370 0.622009 0.124402
2375 1.174272 0.234854
2380 1.026220 0.205244
2385 1.227329 0.245466
2390 1.239753 0.247951
2395 1.075910 0.215182
2400 1.516470 0.303294
2405 1.099918 0.219984
2410 1.312234 0.262447
2415 1.685111 0.337022
2420 1.580253 0.316051
2425 0.851348 0.170270
2430 1.318208 0.263642
2435 1.151490 0.230298
2440 1.050347 0.210069
2445 1.099070 0.219814
2450 1.457627 0.291525
2455 0.647209 0.129442
2460 1.171267 0.234253
2465 1.579164 0.315833
2470 0.949769 0.189954
2475 1.731119 0.346224
2480 1.052921 0.210584
2485 1.044583 0.208917
2490 1.117523 0.223505
2495 1.123414 0.224683
2500 1.009589 0.201918
2505 1.735769 0.347154
2510 1.196815 0.239363
2515 0.804002 0.160800
2520 1.787482 0.357496
2525 1.209674 0.241935
2530 1.141996 0.228399
2535 1.220664 0.244133
2540 1.515736 0.303147
2545 1.272687 0.254537
2550 1.507601 0.301520
2555 1.139157 0.227831
2560 1.447376 0.289475
2565 1.303312 0.260662
2570 0.897213 0.179443
2575 0.709064 0.141813
2580 1.154705 0.230941
2585 1.031382 0.206276
2590 0.765323 0.153065
2595 0.984177 0.196835
2600 1.117003 0.223401
2605 1.530038 0.306008
2610 1.594608 0.318922
2615 1.444585 0.288917
2620 1.405148 0.281030
2625 2.000292 0.400058
2630 1.539110 0.307822
2635 1.288526 0.257705
2640 0.954432 0.190886
2645 0.594741 0.118948
2650 1.209376 0.241875
2655 1.690081 0.338016
2660 1.100429 0.220086
2665 1.420703 0.284141
2670 0.926708 0.185342
2675 1.613162 0.322632
2680 0.830407 0.166081
2685 1.487234 0.297447
2690 1.128258 0.225652
2695 1.256527 0.251305
2700 1.046347 0.209269
2705 1.515492 0.303098
2710 1.028146 0.205629
2715 1.734345 0.346869
2720 0.882137 0.176427
2725 1.622951 0.324590
2730 1.216662 0.243332
2735 1.812211 0.362442
2740 1.110878 0.222176
2745 0.953398 0.190680
2750 1.096386 0.219277
2755 1.282503 0.256501
2760 0.801018 0.160204
2765 1.645323 0.329065
2770 0.960083 0.192017
2775 1.126834 0.225367
2780 0.944694 0.188939
2785 1.461370 0.292274
2790 1.113020 0.222604
2795 1.039464 0.207893
2800 1.380136 0.276027
2805 1.380454 0.276091
2810 1.118559 0.223712
2815 1.534901 0.306980
2820 1.331714 0.266343
2825 1.396487 0.279297
2830 1.114195 0.222839
2835 1.207627 0.241525
2840 2.055872 0.411174
2845 1.119874 0.223975
2850 1.443493 0.288699
2855 1.006834 0.201367
2860 1.348723 0.269745
2865 1.730766 0.346153
2870 1.051586 0.210317
2875 1.644071 0.328814
2880 0.837754 0.167551
2885 0.944891 0.188978
2890 1.070443 0.214089
2895 0.869616 0.173923
2900 1.474246 0.294849
2905 0.936704 0.187341
2910 0.927794 0.185559
2915 1.069888 0.213978
2920 0.984540 0.196908
2925 0.817884 0.163577
2930 1.022415 0.204483
2935 1.236978 0.247396
2940 0.976928 0.195386
2945 0.960326 0.192065
2950 1.496657 0.299331
2955 0.872362 0.174472
2960 1.475318 0.295064
2965 1.540707 0.308141
2970 1.153047 0.230609
2975 1.273260 0.254652
2980 1.722997 0.344599
2985 1.125854 0.225171
2990 1.105931 0.221186
2995 1.157782 0.231556
3000 1.033561 0.206712
3005 1.473150 0.294630
3010 1.131688 0.226338
3015 1.432857 0.286571
3020 1.699201 0.339840
3025 1.051487 0.210297
3030 1.311648 0.262330
3035 1.399121 0.279824
3040 1.462444 0.292489
3045 1.108635 0.221727
3050 0.977610 0.195522
3055 0.893945 0.178789
3060 1.262537 0.252507
3065 1.028739 0.205748
3070 1.001558 0.200312
3075 1.087962 0.217592
3080 1.150513 0.230103
3085 1.038882 0.207776
3090 0.933073 0.186615
3095 1.362965 0.272593
3100 1.167791 0.233558
3105 1.698604 0.339721
3110 1.120755 0.224151
3115 1.332353 0.266471
3120 1.371833 0.274367
3125 1.028257 0.205651
3130 1.398376 0.279675
3135 0.770184 0.154037
3140 0.973190 0.194638
3145 0.799917 0.159983
3150 1.712896 0.342579
3155 0.908658 0.181732
3160 1.229073 0.245815
3165 0.818485 0.163697
3170 1.233986 0.246797
3175 0.911507 0.182301
3180 1.566548 0.313310
3185 1.266764 0.253353
3190 1.264721 0.252944
3195 1.522955 0.304591
3200 0.973696 0.194739
3205 0.809640 0.161928
3210 0.896398 0.179280
3215 1.319396 0.263879
3220 0.699413 0.139883
3225 0.799631 0.159926
3230 0.820475 0.164095
3235 0.835484 0.167097
3240 1.113568 0.222714
3245 1.680938 0.336188
3250 1.028148 0.205630
3255 0.759154 0.151831
3260 0.762369 0.152474
3265 1.187771 0.237554
3270 2.164272 0.432854
3275 1.279762 0.255952
3280 0.778987 0.155797
3285 1.005962 0.201192
3290 1.308022 0.261604
3295 0.976277 0.195255
3300 1.179327 0.235865
3305 1.546442 0.309288
3310 1.133946 0.226789
3315 1.655216 0.331043
3320 0.780334 0.156067
3325 0.998872 0.199774
3330 1.114579 0.222916
3335 0.827814 0.165563
3340 1.424933 0.284987
3345 1.925631 0.385126
3350 1.431894 0.286379
3355 1.413848 0.282770
3360 1.073174 0.214635
3365 1.213893 0.242779
3370 1.077365 0.215473
3375 0.809695 0.161939
3380 0.869774 0.173955
3385 0.837252 0.167450
3390 1.612205 0.322441
3395 0.885877 0.177175
3400 1.310928 0.262186
3405 1.057030 0.211406
3410 0.799803 0.159961
3415 1.128433 0.225687
3420 0.686349 0.137270
3425 0.732544 0.146509
3430 1.134732 0.226946
3435 0.682562 0.136512
3440 1.060824 0.212165
3445 1.227177 0.245435
3450 1.246756 0.249351
3455 0.623948 0.124790
3460 1.012707 0.202541
3465 1.303645 0.260729
3470 1.601506 0.320301
3475 1.143987 0.228797
3480 0.687796 0.137559
3485 1.173365 0.234673
3490 1.185137 0.237027
3495 0.909222 0.181844
3500 0.881373 0.176275
3505 1.845833 0.369167
3510 1.060029 0.212006
3515 1.296372 0.259274
3520 1.126657 0.225331
3525 1.469095 0.293819
3530 1.240503 0.248101
3535 1.157679 0.231536
3540 0.677309 0.135462
3545 1.256223 0.251245
3550 1.042210 0.208442
3555 1.773851 0.354770
3560 1.475333 0.295067
3565 1.005768 0.201154
3570 1.084663 0.216933
3575 0.725122 0.145024
3580 0.995806 0.199161
3585 1.184032 0.236806
3590 1.534271 0.306854
3595 1.071430 0.214286
3600 1.292314 0.258463
3605 0.856649 0.171330