Count:  35990
Sum:  [[[506983. 541840. 682240.]
  [502592. 537414. 678044.]
  [497416. 535941. 676191.]
  ...
  [540012. 574752. 699693.]
  [558686. 584617. 717921.]
  [577229. 602423. 735598.]]

 [[502070. 537263. 677830.]
  [499086. 534373. 675066.]
  [493843. 533103. 673302.]
  ...
  [529925. 565138. 690634.]
  [545617. 571896. 705670.]
  [560364. 586385. 720140.]]

 [[492964. 529580. 669802.]
  [489436. 526281. 666636.]
  [484649. 525545. 665510.]
  ...
  [527111. 564957. 689436.]
  [541057. 570613. 701326.]
  [553695. 583072. 713692.]]

 ...

 [[431237. 476829. 603188.]
  [429757. 475513. 602092.]
  [426576. 476070. 600928.]
  ...
  [421509. 448438. 608433.]
  [437867. 455302. 622320.]
  [451719. 469067. 636133.]]

 [[433365. 477807. 604155.]
  [430608. 475145. 601723.]
  [426293. 475233. 600004.]
  ...
  [426011. 450697. 612494.]
  [442285. 457022. 626392.]
  [456386. 471087. 640578.]]

 [[437389. 480704. 608048.]
  [434013. 477523. 605120.]
  [430244. 478284. 604146.]
  ...
  [426363. 451183. 611101.]
  [442981. 458121. 625435.]
  [458276. 473427. 640597.]]]
Mean:  1047369.0434176071
Std:  358062.7430593597
